5 0.092391 0.479167 0.119565 0.791667
1 0.190217 0.479167 0.054348 0.708333
15 0.293478 0.479167 0.086957 0.708333
0 0.456522 0.416667 0.108696 0.666667
2 0.559783 0.416667 0.097826 0.666667
6 0.657609 0.437500 0.097826 0.625000
8 0.782609 0.354167 0.108696 0.625000
7 0.885870 0.354167 0.097826 0.541667
5 0.097826 0.520833 0.108696 0.625000
1 0.195652 0.520833 0.065217 0.708333
15 0.304348 0.458333 0.108696 0.666667
0 0.467391 0.458333 0.108696 0.666667
2 0.565217 0.437500 0.108696 0.625000
6 0.673913 0.416667 0.108696 0.666667
8 0.798913 0.458333 0.119565 0.666667
7 0.907609 0.375000 0.097826 0.666667
